8197
8209
18
24
8221
30
8222
38
8230
8236
46
50
8246
8251
62
66
74
78
8270
8271
8275
8276
8278
89
93
101
8294
8296
119
126
137
8330
8332
144
161
8356
8363
8366
8374
211
8404
8408
8412
8413
8417
226
8420
238
247
8443
8446
255
8447
259
261
8455
8462
8463
274
291
8483
8487
298
300
301
310
8508
8514
328
8529
8540
8542
8543
353
8547
356
8550
8555
364
8565
374
384
386
8584
8585
394
398
399
8591
404
8604
8613
427
8620
442
444
8648
466
8665
478
8672
481
483
484
8678
490
8700
8701
520
521
8716
8719
8732
543
547
549
551
8747
556
8748
8751
565
8774
584
586
8782
591
8783
8785
8810
620
8818
627
8823
8826
637
8829
644
8838
651
656
662
8863
8867
8870
682
689
690
8888
8898
713
8907
720
8915
8920
8934
8938
8956
765
768
8961
8965
8966
775
776
780
8974
792
802
8995
9002
9003
813
826
9035
9036
9037
861
862
9055
881
9085
900
910
918
922
9114
929
9122
931
937
946
952
9146
9147
959
9165
9169
9179
991
993
1004
1006
1007
9200
1010
1013
1014
1016
9210
9213
9216
1034
1035
1040
9235
9237
1049
1058
1065
9258
1067
9261
1081
9275
9276
1088
9281
1091
9283
1100
1103
9301
9308
1120
1125
1132
1146
1148
9342
1153
1154
1160
9356
9363
9369
9375
9378
9383
1192
9392
9402
1213
9408
1220
1234
1237
1247
9439
1253
1259
1262
1273
1275
1282
1290
1296
9491
1300
9502
1314
1316
9511
9525
9538
9539
9540
9556
1368
9572
1382
9580
1389
9610
9619
1429
9625
1442
1443
9635
9637
9638
1450
1451
9642
1454
9650
9651
1463
9665
9668
1477
1481
1489
1493
1495
1505
1519
1520
1522
9717
9726
1537
1545
9738
9740
9746
1556
1560
1571
9764
1578
1584
9776
1596
9792
1619
1621
1624
9827
1636
9830
1648
1649
1653
1658
9855
1665
1674
1684
9877
1691
9887
9894
1706
9911
1720
1725
9918
1737
9934
1745
9968
9974
1784
1785
1793
9985
1799
9993
9997
10006
1816
10011
10018
1829
1830
1831
1832
1835
1841
1843
10040
1852
1859
10051
1862
10054
1872
10073
1901
1905
1917
1921
10114
1926
1930
10135
1950
1956
1962
10166
10171
10184
1993
1996
2013
10209
10210
10218
2027
2048
10240
2062
10261
10272
2081
2082
10280
2096
10294
10295
10303
2116
10310
2121
10317
10332
2156
2160
10355
2164
10359
2171
2182
10379
2188
2193
2200
10399
10402
10406
10411
2235
10430
2239
10431
2242
2263
10461
2276
10478
2287
10481
10497
10507
10515
2326
10520
2331
2334
10537
10546
10565
10572
2383
10581
10586
10590
2400
2405
10598
2413
2414
10614
10617
2430
2432
10630
10641
2457
10649
2468
2470
10666
10669
10687
2496
10696
10699
10703
10707
10710
10717
10718
10724
10729
2546
2547
10749
2562
10754
2564
10768
2579
10772
10773
2586
2590
2603
2604
10799
10802
2619
2627
2632
10832
10835
10838
10847
2660
2662
2671
10865
10867
2685
10879
2688
10881
10903
10905
10906
10908
2719
10915
2724
2733
2736
10931
2745
2754
10952
2767
10961
2771
10965
10969
2784
10977
10979
2790
2806
2810
2811
11004
2813
2820
11016
11021
11026
2857
11051
2876
2878
11072
11082
2901
2905
11097
11101
2913
11112
11113
2948
11143
2953
2954
11154
2965
11159
2968
11162
11164
2977
11180
11183
11199
3025
3031
11228
3043
11244
11258
11260
3071
11307
11312
3128
11321
3133
3138
11334
11335
11341
11344
3154
11346
3157
11350
3163
3165
11366
3195
3201
3203
11406
11411
3237
3241
3244
11464
11465
11474
11475
3285
3286
3290
11488
3300
3303
3306
11501
11502
3323
3331
3334
11539
3352
3356
11548
3359
3377
11574
11594
3404
3407
3419
11611
3426
11618
11623
3435
11627
3441
11634
11636
11638
11650
3460
3478
11674
3483
3487
11680
3488
3489
3497
11689
3503
11697
11698
11710
11713
11721
3532
3535
11730
3539
11734
3553
3565
11765
11775
3585
11785
3596
11795
11802
3611
11815
11816
3632
3634
3642
3645
3646
3655
11848
3658
11850
3664
3669
11866
3677
3681
11882
11883
3696
11888
11897
11903
11909
11925
11929
11935
11947
11957
3771
3781
3785
11977
3798
11991
3815
3821
3824
12019
12036
3848
12040
3858
3859
12057
12059
12060
3869
3873
3880
3884
3887
3889
12081
3894
3912
3921
3925
3930
3940
3942
12146
3967
3971
3973
3979
3980
12196
12199
4011
12207
4024
12225
12228
4061
12258
4068
12272
12273
4089
4103
4104
4110
4114
4122
4131
4138
4139
4144
12336
12340
12345
12346
12350
4161
4170
4171
12365
4178
12372
12384
4193
12401
4215
4222
12424
4234
12443
4253
4259
4264
4276
12468
12473
4283
12484
4293
12502
4316
12509
12517
4328
12520
12529
4348
12540
12545
4359
12553
12554
12568
12569
4399
12592
4402
12596
4406
4409
12609
4419
12613
4422
12624
12626
12639
12641
4453
4462
12660
4470
12666
4480
4500
4522
12716
4548
12751
4560
12754
12755
12756
12758
4576
12769
12770
4580
12776
4593
12785
4600
12792
12800
4609
12805
12807
12810
4621
12814
4624
4626
4628
4632
4639
12838
4656
4657
4663
12866
12878
4688
4689
12881
4691
12884
12887
4696
12896
12914
12915
4731
4732
12924
12927
4737
4738
4745
4762
12954
4764
12957
4774
12977
4786
12982
12985
12987
4796
4798
12992
13006
4819
4823
4828
13028
13030
4846
13041
13055
13070
13084
13086
4895
4907
4914
13109
13116
4925
13119
4930
13122
4943
4951
13145
4964
4968
4975
13169
4979
13185
4997
13191
5002
13203
13207
5025
13226
5035
13229
5039
5042
13240
13241
13242
5051
5052
5071
13266
5079
5086
5095
13290
13296
13302
5130
5133
13326
13333
13340
5155
13351
13355
5167
13363
5173
13365
13366
5176
5182
5191
13394
13403
13404
13412
5234
13432
13433
5247
13441
13445
5257
13450
5260
13455
13456
5269
13466
5291
5300
13493
5306
13505
13514
5326
5333
13528
5337
13535
5349
13547
5359
5363
5365
5367
5372
5377
13572
5384
5389
13582
13583
5393
5396
5400
5402
13598
13601
13602
5414
5419
13613
5422
13620
13644
13647
13649
5461
5468
13684
13697
5508
5510
13703
13708
13709
13722
13724
13730
5541
13733
13734
13736
13738
5550
5552
5560
13753
5567
13760
5571
5577
5579
5580
5586
13780
5596
13792
13797
5606
13799
13801
5610
5617
13811
13815
5631
13823
5635
13839
5650
13845
5666
13872
5681
13873
13877
5696
13894
5709
5712
13906
13907
13913
13916
5733
5734
5736
5737
5749
5750
5751
13943
13947
13950
5759
5762
5765
5775
5800
13995
5809
5811
5815
14015
5830
5833
5839
5840
5842
14040
14041
14045
14049
14057
5866
5867
5869
5871
5873
14068
5879
5881
5883
14076
5887
14086
5895
14089
5914
5923
14117
14118
5930
14123
14132
5942
14134
5952
14148
5965
14157
14158
14161
14165
14170
5987
14192
14199
6008
14207
6019
14226
14228
6039
6049
14243
6064
6065
14265
6074
6081
14276
6086
14288
14301
6113
14306
14316
14317
14318
6134
6141
6148
14341
14342
14343
6152
14347
14352
6163
6169
14369
6179
14374
6189
14389
6200
14406
6229
14427
6241
14439
6264
6272
14472
6282
6286
6290
14484
14492
14498
14505
6325
6334
6340
14539
6363
14565
14566
6375
6378
14572
6409
6414
14607
14609
6419
6421
6424
14618
6427
14639
6455
14659
14681
6491
6499
14695
14696
6509
14706
6520
14723
14725
14726
6536
6548
14743
14752
14755
14758
6579
14773
14775
6584
14781
6598
14790
14797
6607
6609
14804
6616
14808
14814
6632
14825
6634
6640
6656
14851
14853
6662
14854
14857
14865
6677
14877
6691
6700
6714
6722
6737
6740
14936
14938
6754
14957
6769
14969
6780
14974
14975
6792
14986
6815
6818
15013
6822
15014
15019
6834
15032
15034
6851
6859
15055
15064
6878
6881
6883
15082
6892
6894
6903
15099
6910
6913
6914
15105
15106
15108
6919
6935
15137
6947
15144
6953
15148
6973
6992
15194
7006
7012
7024
7033
15238
15241
7056
7061
15253
15257
7078
15270
15277
7096
15288
15299
7108
15309
7121
7125
7126
15328
7139
15338
7150
15342
15350
7161
15358
7176
15394
7205
15397
15398
7209
15409
15410
7219
15417
15429
7246
7253
15449
7259
7272
7275
15467
7326
15523
7338
15542
7368
15566
7382
7385
15583
15585
7395
15608
15609
15610
7423
7424
7425
15618
15621
15625
7444
7450
7459
15657
7466
15661
7481
15675
7490
7494
15695
15697
15705
7518
15724
7549
7554
7555
15759
15768
15772
7584
15781
15783
7595
7604
7607
7614
7623
15817
7627
15823
7633
7634
15825
7636
15826
7638
7643
15842
15843
15846
7655
7663
15867
15868
7678
7711
15914
7724
15921
15938
7756
15950
15951
7769
7780
7781
15972
15974
15988
7805
16005
7814
7818
16012
16021
16024
16031
7841
7846
16041
7852
7855
16049
7871
7873
7874
16067
16070
16071
7880
16073
7887
7889
16081
16087
16088
16091
16098
7910
16106
16108
7917
7923
7928
7929
16120
7943
7945
16139
7949
7959
7962
7966
7973
16179
8004
16197
16200
16203
8017
16210
16211
8026
16222
8033
16237
8046
16246
8078
16270
8082
16289
16294
16299
8110
8112
16318
16319
8128
16321
8133
16326
16327
8138
8147
16342
8155
8162
16360
16366
16367
8178
16370
8180
16371
8183
8189
16383
