8200
25
8219
8222
8223
8225
37
46
66
78
8273
8279
8280
8284
99
8292
101
8297
111
112
8306
124
8323
135
8332
8333
8334
146
8340
8346
8354
8357
170
171
180
8374
8375
184
188
196
8394
222
8419
8421
8423
248
249
255
8450
269
289
8482
8483
8485
8491
303
8498
8499
8502
313
314
8507
316
8509
8517
327
8520
8524
8532
8535
8547
8548
359
8556
365
369
8565
8576
386
8580
390
8586
8598
416
8608
8612
8613
8616
425
434
8635
8647
456
457
462
8663
8676
8678
8679
491
499
8692
8699
8701
8703
8717
8719
8736
545
8738
558
562
8763
8768
8773
8781
591
8783
594
606
8799
8802
8812
625
628
8822
632
648
8841
8843
655
8854
664
8867
682
693
8892
8896
707
710
8902
714
716
717
720
723
8919
8924
8931
745
749
750
761
8956
773
8974
8981
792
8984
795
8987
801
8998
812
9008
9016
825
826
828
9023
9025
9028
846
848
9042
9048
9056
878
881
9075
9078
9095
904
9105
917
922
9114
929
941
949
951
9148
978
9174
9175
9178
987
9179
995
1000
1001
9206
9208
9211
1021
1035
9236
1064
1065
1066
1069
1075
1076
9268
1085
9281
1096
9298
9300
1114
1131
1137
1151
1152
1153
9347
1159
9354
1163
9360
1169
9375
9379
1193
1197
1210
1211
1214
9406
1219
1244
1245
9439
9444
9448
9456
9458
9465
1276
9469
1281
1283
9476
9487
1296
1304
9508
9511
1321
1331
9524
1344
9547
1363
9557
1367
9561
9563
9564
9569
1395
9590
9595
9596
9597
9601
1411
9605
1420
9614
1429
9627
1441
1445
1447
9639
9641
9652
1466
9661
9676
1487
9685
1497
1501
1507
9714
9717
1533
9725
9735
9737
1550
1555
9750
1559
1563
9762
1576
1585
1586
9792
9798
1607
9822
1632
1637
1645
9843
1661
1663
1664
1672
1687
1694
9895
9901
1710
9907
1719
1720
9927
1750
1751
9958
9961
1772
9967
9968
1778
1782
9975
1786
1787
9978
1795
9988
1812
1815
1816
10012
1821
10013
1827
10035
10037
10040
1860
10056
10059
10064
10068
1883
1888
10084
1894
1897
1899
10104
1919
10111
10112
1927
10120
10121
10123
10133
10135
1956
1958
10151
10157
10159
10162
10174
1994
10191
2008
10200
10206
2039
2050
10246
10248
2059
10261
2070
2076
2080
10278
10279
10290
2104
2109
2113
2115
10309
10310
10320
2140
10332
10356
2184
2190
2199
10393
10398
10411
2220
10412
10413
2236
10432
2241
10438
10444
10447
2258
10462
10471
10487
2305
10504
2314
2320
2325
2327
10527
2338
10533
10534
10541
2352
10546
10547
2359
2361
2363
2366
10570
2382
10580
10599
10608
2438
10634
10636
2456
2460
2462
2467
2478
2480
10673
2487
2496
10690
10691
10696
2506
2507
2510
2511
10710
10717
2527
10720
10733
10737
2551
10747
10754
10760
2570
2571
10762
2574
2579
2582
2591
10787
2596
10798
10804
2614
2621
10832
2650
10855
10863
2672
2681
2688
10885
2702
10903
2719
10912
2721
10920
2730
10926
10927
2741
2743
10935
2745
2749
2751
10949
10955
10959
10961
2771
2772
10965
2777
2778
2786
2795
2797
10994
10996
10997
11001
11005
2817
11011
2820
2825
2829
2833
2834
11026
11032
2852
2861
11056
11057
2866
2883
11075
2891
11084
2906
2909
11107
11110
2921
2922
11118
2937
11130
11142
2955
11147
11155
11163
11173
2988
11184
2993
11191
11199
3017
3028
11236
3053
11253
11255
3068
11274
11275
11277
11282
11285
3097
3103
11308
3118
3143
3149
3152
3157
11356
3166
3167
3171
3172
3173
3188
11381
3202
11396
11414
3225
11420
3229
11431
11433
11451
3261
3266
11460
3274
3278
11470
3281
3283
11475
3289
3290
11482
11494
11495
11501
11504
11507
3316
11508
3319
3320
11520
3333
11526
3337
11538
3357
3361
3365
3366
11561
3381
11576
11583
11587
11591
3400
11592
3403
11601
3415
11607
11613
3422
11614
11619
11621
3432
3437
3439
3440
11633
11634
3446
3447
11638
11646
3454
3456
3457
3465
11669
11674
3512
3521
3523
11728
11731
11744
3560
11758
3592
11788
11789
3600
3603
11795
3605
3619
3625
11820
11831
11838
3649
3671
11867
3684
11883
11884
11886
3695
11889
11892
3714
11906
11913
3723
11926
3736
11928
11930
3748
11942
11949
3770
3773
3778
3779
11971
3782
3783
3784
11974
11983
11990
3799
3800
11995
3808
12000
3814
12009
3820
3826
12018
12023
3838
12031
3847
12056
3865
12057
3872
3875
12068
3878
12071
12077
12080
3891
12084
3893
12097
12100
3913
12107
12112
12123
3932
3935
3941
12134
12135
3945
12144
3957
12155
3971
12166
3980
3981
12172
12177
3988
12180
12181
3996
4002
12196
12205
4014
12214
4035
12227
12239
4052
4065
4067
12260
4070
4071
4077
4087
4112
4114
4127
12325
4138
4140
4141
12336
12339
12340
12359
12362
4171
4178
4183
12376
4209
4218
4223
4230
12437
4247
4248
12443
4258
4264
12463
12467
4276
12488
12491
12492
12493
4302
4303
12501
12513
4322
12520
4330
4331
4338
4339
12531
4345
4354
4361
4362
12555
12564
12570
12577
4393
12593
4403
12596
4405
4409
12601
12608
4417
4423
4425
4454
4456
12659
12666
4477
4478
12683
12685
4500
12693
12694
12696
4510
4528
12724
4537
12729
12742
12768
4578
12782
12784
12785
12788
4609
4610
12814
12821
12831
4643
4644
4653
4658
12856
12862
12865
4683
12884
4693
4697
4698
12892
4708
4716
4720
4729
4735
4777
12979
12983
12984
12986
12987
13001
4820
4834
4842
4845
13048
13054
4863
13057
4868
13064
4875
13074
4892
4893
4908
13105
13108
13109
4920
4923
13124
4934
13130
4941
13134
13135
4944
13142
13145
13146
13149
4959
4962
4964
4965
4981
13175
13178
4987
13179
13182
4991
13189
4998
13195
5006
13203
13208
13212
13224
13226
13237
5047
5051
5065
13257
5070
13262
5076
13297
5110
13302
5136
13330
13333
5161
13353
13358
5174
5182
5185
5188
5213
5215
13408
13421
13426
13428
5237
5241
13444
5253
5255
13452
5267
13460
5270
13463
13471
13481
5294
5296
13500
5321
13524
13527
5343
5353
5361
5371
13565
13585
5394
5402
5403
13600
5409
5415
13613
13629
13635
5445
13648
13649
13651
5466
13662
13664
13669
5479
5480
13672
5482
5495
13689
5505
5508
5510
13708
13711
5537
5538
5542
13735
5553
13746
5556
13748
5560
13752
5562
13753
13770
13772
5586
13778
5593
5598
13791
13811
5620
13831
13839
5650
5652
13848
5657
5665
13858
5675
5686
5695
13888
13890
13892
13894
5705
5706
5719
13911
13921
5731
13933
13935
13939
5749
5755
5758
13952
13958
5770
13964
5775
13981
5791
5792
14000
14002
5812
14004
5816
5827
14022
5842
14038
14039
5849
5850
5861
14061
5870
14065
14082
5891
5894
5897
5898
14092
5906
5913
5914
14116
5925
5934
14127
14133
5948
14142
14152
5961
5965
5978
5992
6010
6014
6021
6026
6031
14226
14230
14237
6054
6057
14254
14265
6081
6084
6086
14283
6096
14293
6106
14301
6113
6116
14318
14329
6140
6141
6150
14343
6156
6158
6164
6166
6167
14360
6173
6175
14371
6182
6185
14378
6194
14393
14394
6203
14395
14415
14422
14426
14427
14433
14434
14440
6260
6274
14471
14473
6299
6306
6308
14503
14506
6317
14517
6333
14530
14538
14551
14553
14554
6371
14563
14564
6376
14572
14584
6400
14592
6405
6413
6414
6416
14623
6454
6458
14652
14656
6470
14663
6473
6476
14669
6483
6485
14680
6495
14713
6527
14737
6547
14744
6559
6560
6561
14758
6571
14764
14768
6579
6588
14780
6592
6597
14805
6615
14808
6618
6623
14817
14831
6642
14835
6644
6645
6649
14842
14858
14860
6672
6679
14871
6682
6686
14880
6696
6699
14893
14896
6705
14900
14903
14905
6715
6722
14914
14915
6725
6729
14923
14925
6758
14955
14957
6772
14969
14972
14979
6802
15004
15008
6818
6819
6824
6825
15016
6829
15029
15032
6843
15038
6851
6858
15056
15057
6868
6877
6886
15078
6895
6903
15102
15103
6920
6922
15119
6929
6932
15126
6945
15138
15150
15151
15165
6977
15170
6983
15176
15193
7002
7007
15199
7018
15221
15227
15229
7043
15236
7061
7062
15257
7072
15269
15277
15286
7095
7102
7103
7107
7112
7124
15337
7150
7151
15353
7165
7169
15385
15389
15392
15418
7228
15427
7241
15445
7258
15456
7267
7269
15466
7280
15472
7291
7297
7302
7308
7318
15510
15514
7325
15519
7334
15527
7337
7338
7342
7344
15540
15541
7351
15555
15561
7372
7375
15573
15575
7386
15584
7405
7411
15606
7422
7426
7436
7444
15647
15649
7459
15652
15663
15674
15675
15676
7485
7488
7489
7493
7496
15698
7510
15702
15703
7515
7523
15715
7526
7530
7532
7536
15728
7538
15729
15738
7551
15750
7563
7569
15770
7588
15795
15807
7617
15814
15831
15832
7641
7647
15842
15844
15846
15849
15850
7667
15866
7680
7681
15877
7690
15884
15888
7705
7708
15912
15921
7741
7768
7771
15965
7784
7786
7791
7809
16004
16013
7825
7830
16049
16052
7869
7871
16070
16073
7884
16076
16077
7895
16099
7913
16111
7928
7931
16125
16127
16131
16137
16152
16161
7975
16172
7986
7987
16184
16189
16190
16197
8014
16207
16209
16221
16225
8041
16237
16239
8060
16256
8067
8082
16275
16281
16283
8096
16295
8104
8111
8114
8117
8118
16319
16320
16327
8138
16332
8142
16334
8147
8150
16351
16363
8172
8180
16375
8184
16378
