6
9
8202
8204
14
8207
18
25
29
8223
32
8225
8229
44
8241
51
53
8248
57
60
8253
64
8264
8269
78
8271
8272
81
8276
87
8279
89
8280
8282
94
95
96
8289
104
115
8314
8321
135
8327
8328
142
8334
144
8335
146
147
8339
8340
8342
151
152
8344
8346
8349
8350
8355
165
167
8359
8365
8366
8367
178
180
184
8379
189
190
8381
192
8390
8392
8394
204
206
8401
8407
216
217
8408
221
8413
226
232
233
8425
235
8428
245
8439
251
8443
255
257
8449
8454
266
267
8459
8471
280
8477
8482
8490
8501
8502
8507
8508
317
321
322
8517
333
334
336
8529
8532
344
347
8541
356
8551
361
8554
366
8558
376
8570
379
380
381
384
8576
386
390
8585
400
410
8605
8607
8608
418
8612
8621
432
441
8635
8639
457
8653
462
472
8665
8671
8672
8674
8676
486
8678
8683
494
8690
8694
506
510
8702
8709
8710
523
8721
8724
8728
8729
8733
542
546
8741
560
561
562
8753
8758
8762
573
8765
8766
577
581
8773
8774
584
8778
8779
593
594
8786
8788
598
599
8792
8794
603
607
8806
8807
8814
623
624
8818
8819
8821
631
632
8824
8826
8828
638
644
655
656
8848
8852
661
664
8860
672
8867
677
8871
8872
683
684
686
8880
8896
8898
8899
713
715
720
8916
8920
8922
731
8924
740
741
747
8940
749
750
751
8941
8946
8955
764
8956
771
8969
780
8972
8973
8974
8979
8981
8984
794
8987
797
8990
803
8997
9007
9009
818
9017
828
9024
834
846
9038
848
9047
9053
863
9055
9057
870
9062
9065
876
877
878
884
886
9078
9082
9085
896
902
9097
909
912
9107
9109
921
922
931
9125
9129
939
940
944
9136
946
947
948
953
956
9150
960
971
9172
9173
9178
9182
991
996
997
9188
9189
9190
1002
9194
1008
9201
1013
1014
9211
1021
9214
9216
1026
1027
9220
9229
1041
9234
9235
1056
1057
9254
1063
9257
9263
1076
1081
9274
1084
9276
9279
1090
1091
9284
1093
9285
9286
1101
1110
1117
1125
1126
1130
1139
1141
1152
9348
1159
9354
1166
1167
9358
1169
9367
9374
1186
1187
9378
1191
1192
9384
9390
9393
1206
1207
9402
9403
1212
9405
9408
1221
9413
1227
1229
1236
1237
9429
1239
1240
9432
9435
9441
9448
1262
1263
1266
9458
9460
1272
1273
1275
1276
1277
9476
1285
9477
1287
1288
1291
9484
9487
9488
9493
1304
9499
1308
9502
1313
9506
1315
1317
1321
1324
9516
9520
9523
1333
1334
1340
9533
9536
1348
9540
1352
1355
1361
1368
9564
9568
1380
1381
9573
1383
9577
9580
1390
1391
9587
1402
1403
9597
1406
9598
9606
1415
9610
9611
1423
9615
1426
9618
9621
1433
1435
1436
1438
9630
9634
1445
1446
9637
1453
1454
9646
1458
1459
1462
1463
9658
1468
9661
9663
1472
1475
9671
1481
9673
1495
1497
1503
1505
9697
9698
1512
9705
1514
9707
1517
9716
9717
1527
1529
9727
1536
9728
1538
1542
9736
1545
9738
9742
9744
1556
1559
1561
1571
1572
9766
1578
9774
1586
1587
9780
9781
9790
1599
9791
9792
9796
9801
1612
1613
9806
9808
9809
1619
9817
9820
1629
1630
9824
9826
1636
1638
9833
1643
9836
9838
9840
1651
1652
1653
1657
1663
9855
9859
1675
9869
1678
1679
9871
1688
1689
9885
9887
1698
9890
9891
1702
1706
1721
9915
1725
1736
9931
1740
9935
1745
9938
1747
9940
1751
1752
1759
1761
1763
1764
9955
1767
1770
9967
1776
1780
9978
9981
9982
9986
9991
1800
9993
1803
9997
1806
9998
1808
9999
1818
10012
10014
10018
1827
1833
1836
10037
1852
10045
1858
10051
1862
1872
10064
1880
10074
1885
10084
1895
10095
1909
10105
1914
1915
1916
1917
10107
10112
1923
10123
10126
10128
10135
1944
1945
10136
1947
1956
10150
1959
1962
1965
10157
10160
1975
10171
1981
1982
10173
10174
1990
10186
2002
10198
2009
10203
2017
2020
10217
2032
10224
2039
10233
2043
2044
2045
2046
2047
10239
2056
2060
2061
10255
10256
2071
2084
10277
10283
2093
2095
10287
2103
2106
10298
2108
10304
10309
2121
2131
10325
10326
2144
2148
2150
2159
2164
10366
2176
10373
10374
2183
10392
2203
2209
10402
2217
10409
10412
2222
10416
10417
2230
2231
10424
10429
2244
10441
10442
2254
10447
2257
2261
10454
2266
2278
10470
2288
10493
10495
2311
10504
10511
10513
10515
2326
10526
10528
10531
10534
2345
10543
2356
2357
2358
10549
2362
10555
10559
2368
2380
10572
2383
2385
10577
10578
2390
2393
2399
10593
10595
10596
10599
2408
2409
10600
2413
10607
2418
2419
10610
10611
2432
2438
10630
2441
2446
10646
2457
10652
2464
2468
10660
10662
10663
10675
10677
2487
10682
2495
10691
2501
10693
2509
2513
2516
10710
10715
2524
10718
2533
10725
2538
2539
10736
10738
2548
2551
10743
2559
10763
10765
2585
2586
10778
2588
10779
10784
2594
10786
2603
10796
10799
2613
2615
10808
2620
10813
10816
2628
2631
2641
2645
10841
2651
2655
2656
10847
10854
10856
10858
2667
10864
10868
10869
10870
2682
2689
2690
2691
10882
2693
10885
2699
10893
2703
10903
2712
10904
10909
10911
2720
2721
2722
10918
2728
10920
2730
10931
2743
10935
10936
10939
2753
2756
2757
2759
2760
2761
10961
2774
10968
2780
2781
10975
10981
2791
10983
2805
2810
2812
2814
2817
11010
2819
2820
11019
2829
11024
11029
2840
11032
11034
11038
2847
2850
2859
11052
2863
11062
2873
11065
11066
2876
2877
2878
11071
2880
2881
2885
11079
2893
2896
11093
11094
11098
2907
2912
11105
2915
11111
11112
11113
11121
2941
2942
2943
2946
2949
11141
11142
11146
2956
11151
2964
11157
11162
2973
11165
2976
11168
2983
11175
11176
11179
2989
2998
11194
3003
3004
11197
3007
11200
3009
11208
11216
3025
11219
3029
11221
3034
11229
3041
11242
3057
11250
3059
3063
3070
3072
3074
11267
3083
3084
3086
11279
11284
3102
3104
11296
11301
11304
3113
3118
3124
11317
3128
3129
11323
3135
3141
11336
11340
3150
11343
3152
11345
11346
3158
3164
11356
3166
3167
3168
3169
11361
3171
11364
3173
11374
11381
3192
11386
3196
3201
11393
11395
3210
11402
3212
11405
11409
11417
3227
3229
11422
11423
3232
3235
3241
11433
11435
3245
11442
3251
11443
11444
11449
11453
11459
11460
3269
11463
3272
3273
3274
11464
3276
3282
11474
11479
3289
11481
3291
11483
11489
11497
3306
11498
11499
11500
11501
3313
11505
3315
3316
11507
3318
11509
11511
11520
11522
3331
3336
11528
3343
11538
3358
11553
11554
11556
3369
11564
3373
3374
3380
3384
3385
11576
3393
11587
3396
11589
11591
3401
3404
3415
11614
3435
11629
3439
11631
11634
11644
11648
11653
11659
11662
11663
11668
3479
11676
11681
3490
3491
11684
11686
3495
11688
11691
11692
11693
11694
3503
3505
3510
3517
11712
11714
3523
3524
3529
11729
3538
11731
3541
11735
3547
11739
3555
3556
11751
11752
11753
11754
3563
3564
3569
11766
3584
3586
11778
11779
11781
11787
3601
11795
11796
11798
11801
3610
11802
11808
3619
3622
3623
11815
11816
11826
3638
3639
3642
11835
3649
3654
11853
11854
3669
3671
3672
3676
11871
3681
3684
3690
11882
3695
3703
3711
3714
11912
11915
3724
11918
11923
3732
3735
11934
11945
3757
11949
11955
3764
11958
11964
11967
3778
3781
3785
11984
3794
11986
11989
3801
3803
11997
12000
3809
12002
12006
12007
12008
12009
3819
3820
12020
12025
12029
12030
3840
3847
12041
12043
12044
12045
3857
3863
3864
12067
3877
3879
3880
12071
12075
12083
3892
3899
3902
12096
12097
12098
3914
12108
12120
12121
3932
3935
12128
3940
3942
3946
3948
12145
12146
12150
12153
12154
12158
3971
12164
12165
12166
3976
12169
3980
12173
3983
12188
3997
12189
12192
12199
12204
12205
4014
4015
4017
12217
12223
12229
12230
12231
12238
12247
12257
12258
4069
12264
12265
4074
12270
4079
4085
12279
12280
12290
4099
12296
4111
12310
12312
12313
12315
12316
4127
4128
4135
12331
12339
12340
12342
4151
12345
12346
4157
12350
12351
4161
12357
4168
12371
4180
12372
12377
12378
4187
12381
4195
4199
4202
12400
12401
12407
12408
4221
4222
4230
4235
12429
4239
4241
4242
12434
4244
4245
12435
4252
4257
12452
4263
12455
12460
4269
4275
12473
4282
4283
12474
4285
4286
12477
4289
12482
4291
12484
4298
4305
12497
4308
12502
12503
4316
4320
4327
12531
4340
4341
12536
12546
12547
12550
12553
12555
12556
4366
4367
4369
4373
4379
12571
4383
4385
4387
4394
12586
4398
4405
12599
12602
12603
12604
12605
12606
12611
4420
4421
4423
12617
12618
12619
4431
4433
12628
12630
12634
12636
4445
12644
4453
12646
12647
4458
12652
12656
12658
4470
12665
4475
12677
12683
4493
4494
4495
12687
4500
4501
12692
4509
4510
12702
4515
12708
12710
4521
4522
12713
12719
4529
4533
4542
12737
12742
12744
4553
4557
12753
4562
12754
12755
12758
4569
4571
12765
12767
12769
4578
4580
12772
12774
4585
12778
4592
4595
12789
4599
12795
4609
12803
12804
4613
12805
12807
4616
4624
4625
4626
12819
4632
12828
4641
12839
12841
4651
12847
12850
4660
12856
4665
12857
4667
12861
12865
4677
4684
12879
4690
4692
12884
12886
4699
4706
12904
12909
4718
4719
12911
12913
4727
4731
4732
12923
4739
4742
12938
4749
12942
4753
4768
12960
12961
4771
4775
12969
4779
12977
12978
4788
4794
4799
4801
12993
12997
12998
4814
13006
4816
4817
13012
4826
4829
13021
4831
13026
13028
4839
13039
4849
4854
13046
13047
13048
4859
13054
13056
4866
4867
4868
13064
4877
13071
4880
13074
4884
13079
13082
13083
13086
13089
4900
13092
4906
4908
13100
13103
4915
13111
4920
4922
13118
4927
13119
4929
4930
4931
13123
13132
4943
13140
4950
13142
13144
4959
4962
4968
4970
13163
4973
13165
4979
13176
13177
4994
13187
13203
13205
5017
5020
5022
13214
5024
13215
13216
13218
5029
13221
13224
13227
13228
5042
5043
5048
13241
5052
5053
5056
5061
13257
13261
5070
5071
13266
13269
5078
5080
5081
5083
13282
13284
5102
5105
13298
5109
13304
5114
5120
13312
13315
5127
13324
13327
13328
5137
5140
13336
5146
13347
5156
5161
13355
5166
5168
13368
5185
5188
5193
13389
5201
5204
5207
13400
13408
5220
5221
13418
5227
13422
13424
5233
5234
5237
5238
5242
5249
5250
13441
5253
13448
13452
13456
5271
13468
5278
13471
5281
13473
5283
5285
13480
13481
13487
5296
5297
5299
13495
5313
5317
13509
5323
5324
5326
5327
5331
13523
13532
13534
13537
13538
13539
13544
5353
5354
5355
13545
13548
5358
13554
13555
5365
5371
13565
13567
5377
13569
5387
13581
13586
5396
13588
5399
13591
13592
13593
5404
5407
5411
5415
5424
5426
5428
13621
5431
5435
13627
5445
13638
5448
5449
13643
13644
13648
13651
5460
5465
5466
5471
13671
5481
5482
5491
5496
5499
13691
5502
13694
13696
13699
13700
5514
5518
5519
13711
13716
13722
13725
5535
13734
5546
13748
5557
5559
13752
5561
13754
13758
5570
13762
13764
5574
5576
5580
13778
5597
13789
5599
13791
5606
13800
5610
5612
5616
5620
5625
5626
13821
13822
5634
13826
5636
13827
13830
13832
13834
5643
5649
13841
5654
13852
5667
5669
5670
5676
13869
13870
5680
13873
13875
13877
5696
13889
5703
13895
5706
5707
5708
13899
5715
13907
5718
13930
5749
13941
5753
13950
5761
5765
13963
13964
5774
13966
5776
13967
5784
13976
13982
13983
5793
13990
5800
13999
5809
5810
14004
14005
14011
14015
14016
14022
5832
14025
5837
5838
14037
14040
5852
14044
5855
14047
5859
5865
14057
5867
14058
14061
5870
14063
14065
14075
14076
14080
5889
5897
5898
5899
5900
14094
14098
14099
14100
5909
5910
14107
14109
14130
5940
5942
14138
5949
5950
5959
5962
14156
14159
14166
5977
14169
14172
5982
14177
5989
14181
5993
14190
14192
6004
6006
6007
6010
6014
14207
6017
6018
6021
14215
14220
14225
14226
6042
14239
6054
14250
14252
14253
6065
14261
6074
14268
6078
14276
14280
6091
14284
14285
14288
14291
6101
6104
14298
14304
6115
14312
14319
6128
14320
6130
6135
6136
14327
6138
6139
14334
14335
14340
14343
6152
14344
14345
14351
6160
6164
14357
6172
14367
6179
14371
14377
14389
14391
6203
6204
14403
6220
6224
6226
14421
14422
6231
14428
14430
14433
6243
14447
6256
6257
14452
14455
6274
6279
14475
6285
14478
6287
14480
14483
14486
6297
14491
6300
14495
6304
6306
6311
14505
14506
14511
14513
14518
6327
6328
14526
14528
6339
6344
6346
6349
6350
6352
6353
6357
6359
6362
6364
14558
14562
6375
14569
6378
14571
14574
6385
14581
6390
6392
6395
14587
14590
6399
14597
6406
6407
6409
14603
6414
6419
6422
14615
6425
14618
6431
6435
14635
14639
6454
14659
6468
14663
14665
6476
14671
6480
6481
6483
6484
14676
14677
6492
14686
14688
14689
6501
6504
6507
14702
6518
6520
6526
6527
6528
14718
14719
14720
14722
14724
6534
14734
6543
6544
14739
6548
6555
6558
6568
6569
14764
14765
14766
6575
6578
6582
14776
14777
14778
6589
6591
14784
6598
6600
14795
6607
6610
14802
6613
14808
6618
14814
14816
6625
14818
14821
14825
6636
6640
6641
6643
6647
14839
14845
6656
6661
6662
6663
14853
14854
14855
14860
6677
6682
6684
6686
14889
14893
14895
14896
6708
14900
14901
14902
6715
14914
14915
6725
14920
14921
6731
14925
6735
6736
6737
14927
6739
14931
14935
14951
14952
6762
14956
6767
14963
14964
6786
14981
6792
14985
14988
6799
14995
14996
6807
6811
15004
15012
15018
15022
15023
6838
6839
15032
6845
15037
15043
6857
15054
15055
15056
6866
15070
15072
15080
6892
6893
15084
15087
15089
6904
15096
15098
15099
15100
15105
15108
15109
15115
15116
15118
6930
6931
15123
15126
6937
6938
6940
15136
6945
6953
6954
15154
6965
15160
6970
15163
6975
15177
6986
6994
15191
15192
15194
15197
15198
7010
7015
15208
7017
7019
7022
7024
7025
7031
15231
7040
7041
7043
7050
7051
15243
7057
15249
15253
7064
7065
7069
7073
15268
7079
15281
15290
15291
15296
7113
7114
7116
7122
15314
7127
15325
15328
15331
7144
7145
7152
15345
7154
15349
15354
7163
15355
15357
7172
15364
7179
15374
15377
15378
7188
7193
15388
15389
7199
15391
7201
7202
7203
15396
15402
7215
7216
15408
15410
15411
15412
15413
7227
7228
15419
15421
15425
15427
7237
15431
7240
15436
7245
7246
15442
7254
7257
15451
7261
7270
7272
15464
7274
7279
15472
7282
7284
15480
15485
7297
15493
7309
7313
7314
15506
7323
15521
7332
15527
15530
7340
15543
7367
15560
7369
15564
15565
15567
15573
7382
7383
7397
15590
7400
7401
7402
15597
15604
7415
7416
15615
7428
15622
7437
7450
7451
15643
7456
7458
15651
7462
15654
7471
15668
15674
7486
7488
15683
15687
7506
7507
7508
15698
7512
15705
15707
15708
7517
7520
15716
15717
7526
7533
7535
15728
7542
15734
7547
15739
15740
15742
15743
7552
15744
15745
15748
7557
15752
15753
7567
7573
7574
7581
15778
15784
7607
15799
7612
7620
15812
7626
7628
15823
7632
7635
15828
7642
15838
15844
7653
15846
15847
7657
7659
7660
15853
15857
7666
15858
15866
7678
15877
15880
15882
7697
7699
7701
7702
15895
7704
15896
7708
15901
15908
7717
7723
15917
15921
7733
7734
15925
7736
7739
7740
7744
7748
15940
15942
7753
15950
15953
15959
7769
15967
7776
7783
7784
7789
15982
7791
15991
7802
7805
7810
7812
7816
16008
16009
7819
7820
16016
7827
16019
7831
16026
7844
7845
16038
16044
7854
16050
7862
16054
16059
16061
16063
7872
16067
7877
7878
16074
7889
7890
7892
16085
16091
16092
7902
16096
7907
16102
7917
16109
7927
7928
16122
16125
16134
7945
16139
7949
7952
7953
7958
16154
7968
16160
7970
16161
7973
16169
16175
16179
7988
16185
16186
8000
16192
16194
16203
8015
16207
8017
8020
16214
8023
16225
16228
16229
8041
8042
16236
8045
16238
8047
16239
8051
16250
16256
8068
8073
16275
16277
8087
16279
8091
16283
16291
16295
16299
16300
8109
8110
16304
8120
16315
16322
8131
16331
8143
8144
16335
16337
16338
8159
8164
16360
8171
8176
8178
16373
16375
16376